equation1 <- 4+4
equation1
equation2 <- 16+16
equation2
